Steps: 2000	Recognition Loss: 682.43323	Translation Loss: 73477.64844	PPL: 1560.73450	Eval Metric: bleu	WER 541.17	(DEL: 3.95,	INS: 451.55,	SUB: 85.66)	BLEU-4 0.00	(BLEU-1: 0.01,	BLEU-2: 0.00,	BLEU-3: 0.00,	BLEU-4: 0.00)	CHRF 3.49	ROUGE 0.02	LR: 0.00010000	*
Steps: 4000	Recognition Loss: 686.47473	Translation Loss: 73452.52344	PPL: 1556.81482	Eval Metric: bleu	WER 545.90	(DEL: 3.81,	INS: 456.43,	SUB: 85.66)	BLEU-4 0.00	(BLEU-1: 0.01,	BLEU-2: 0.00,	BLEU-3: 0.00,	BLEU-4: 0.00)	CHRF 3.52	ROUGE 0.02	LR: 0.00010000	
