Steps: 100	Recognition Loss: 101.58070	Translation Loss: 56278.75000	PPL: 293.49274	Eval Metric: bleu	WER 100.00	(DEL: 97.32,	INS: 0.00,	SUB: 2.68)	BLEU-4 0.00	(BLEU-1: 6.56,	BLEU-2: 0.00,	BLEU-3: 0.00,	BLEU-4: 0.00)	CHRF 6.25	ROUGE 6.33	LR: 0.00010000	*
Steps: 200	Recognition Loss: 35.96678	Translation Loss: 55350.55078	PPL: 267.23874	Eval Metric: bleu	WER 91.45	(DEL: 41.45,	INS: 0.00,	SUB: 50.00)	BLEU-4 0.00	(BLEU-1: 3.21,	BLEU-2: 0.00,	BLEU-3: 0.00,	BLEU-4: 0.00)	CHRF 5.42	ROUGE 4.78	LR: 0.00010000	
